		gap24 gap6 gap22 gap2 gap13 gap14 gap15 gap25 gap29 gap30 gap23 gap7 gap3
Caa01-L	1	166 213 -9 -9 128 150 147 142 -9 140 -9 -9 -9
Caa01-L	1	170 217 -9 -9 136 154 151 166 -9 140 -9 -9 -9
Caa02	1	158 -9 146 105 124 150 139 -9 -9 -9 -9 -9 -9
Caa02	1	166 -9 146 109 136 154 147 -9 -9 -9 -9 -9 -9
Caa04	1	166 213 146 105 140 174 139 -9 262 140 -9 -9 -9
Caa04	1	170 213 146 109 152 174 147 -9 262 144 -9 -9 -9
Caa05	1	170 209 146 105 136 166 127 142 262 134 -9 197 -9
Caa05	1	170 213 146 109 140 170 127 162 262 138 -9 197 -9
Caa06	1	166 201 146 109 136 -9 147 -9 262 132 -9 -9 161
Caa06	1	170 213 146 125 136 -9 147 -9 266 132 -9 -9 161
Caa07	1	166 213 146 109 128 150 147 146 -9 132 224 -9 -9
Caa07	1	170 213 146 125 136 178 147 146 -9 134 224 -9 -9
Caa09	1	166 -9 -9 -9 140 170 147 134 -9 134 -9 -9 -9
Caa09	1	170 -9 -9 -9 140 174 147 134 -9 140 -9 -9 -9
Caa10	1	166 193 150 109 -9 -9 147 142 -9 132 224 -9 155
Caa10	1	170 213 166 117 -9 -9 147 146 -9 142 224 -9 161
PP01-H	1	166 213 146 109 128 150 147 150 262 134 224 161 155
PP01-H	1	170 213 146 117 140 154 147 154 262 140 224 173 165
PP02	1	166 201 146 109 132 170 147 138 262 134 224 197 -9
PP02	1	170 213 146 113 140 170 147 138 262 144 224 197 -9
PP03	1	170 209 -9 -9 132 154 147 146 262 132 227 161 161
PP03	1	170 213 -9 -9 140 158 147 146 262 132 227 161 181
PP04	1	158 213 146 105 140 150 147 142 262 138 227 197 167
PP04	1	166 213 146 117 148 158 151 146 262 146 227 197 185
PP05	1	166 213 138 117 140 170 147 146 262 140 -9 197 -9
PP05	1	170 213 146 117 140 174 147 146 266 146 -9 197 -9
PP06	1	166 201 146 101 140 166 131 130 262 140 218 197 191
PP06	1	170 213 146 105 160 170 131 130 262 146 224 197 195
PP07	1	-9 209 138 117 128 154 139 142 262 140 224 161 171
PP07	1	-9 213 146 117 136 158 147 146 262 142 224 197 177
PP08	1	166 213 -9 101 140 166 147 -9 262 130 224 197 167
PP08	1	170 213 -9 105 160 170 147 -9 262 130 230 197 175
PP09	1	-9 201 -9 -9 128 150 139 -9 262 132 224 161 183
PP09	1	-9 213 -9 -9 140 154 147 -9 270 132 230 161 183
LD04-L	2	158 213 146 113 -9 -9 147 146 262 140 224 -9 -9
LD04-L	2	166 217 146 129 -9 -9 147 146 262 150 224 -9 -9
LD05	2	158 213 146 109 160 158 167 142 262 134 218 -9 165
LD05	2	166 213 146 109 168 166 167 178 262 134 224 -9 165
LD06	2	166 213 146 101 140 158 147 146 262 140 224 161 181
LD06	2	170 213 146 117 140 158 147 146 262 150 224 193 181
LD07	2	166 213 146 117 136 162 147 130 262 134 218 173 165
LD07	2	170 213 146 117 144 166 147 142 262 140 224 197 181
LD08	2	166 185 146 117 136 170 131 130 262 132 224 173 171
LD08	2	170 213 146 121 144 174 131 142 262 140 224 197 191
LD09	2	158 201 146 113 132 174 147 130 262 140 218 173 181
LD09	2	170 213 146 121 132 182 147 142 262 142 224 205 187
Mo01-H	2	158 193 146 117 128 154 167 142 262 134 224 173 181
Mo01-H	2	166 213 146 117 140 158 167 142 262 134 224 201 187
Mo02	2	158 193 146 117 128 154 167 142 262 134 215 161 -9
Mo02	2	166 213 146 117 140 158 167 154 262 134 224 173 -9
Mo03	2	166 213 138 125 128 154 167 142 262 132 215 173 175
Mo03	2	206 213 146 125 140 158 167 142 262 136 224 173 175
Mo04	2	166 213 138 117 125 158 139 -9 262 132 224 -9 165
Mo04	2	170 213 146 125 176 162 147 -9 262 144 224 -9 165
Mo05	2	166 209 146 109 136 -9 147 146 262 132 -9 -9 -9
Mo05	2	166 213 146 109 140 -9 147 146 262 132 -9 -9 -9
Mo06	2	166 193 146 109 136 158 131 130 262 132 -9 157 165
Mo06	2	166 209 146 109 140 162 131 142 262 132 -9 157 165
Mo07	2	154 209 142 105 140 142 143 -9 262 134 224 173 167
Mo07	2	166 213 146 109 160 158 147 -9 262 136 224 173 181
Mo09	2	166 213 146 109 136 150 147 130 266 136 224 -9 181
Mo09	2	170 213 146 117 136 150 147 154 266 136 224 -9 181
Mo10	2	158 -9 146 117 136 162 147 -9 262 138 218 -9 -9
Mo10	2	166 -9 146 117 144 166 147 -9 262 146 224 -9 -9
RB01-L	3	158 -9 -9 117 132 162 147 130 262 140 224 197 155
RB01-L	3	166 -9 -9 117 148 170 147 142 262 142 224 207 165
RB02	3	166 -9 -9 109 132 -9 147 142 262 130 224 197 167
RB02	3	170 -9 -9 113 132 -9 147 142 262 130 224 207 167
RB03	3	-9 -9 146 109 -9 -9 139 130 262 132 224 -9 157
RB03	3	-9 -9 150 117 -9 -9 147 142 266 132 224 -9 165
RB04	3	166 213 -9 109 136 150 143 -9 262 132 224 205 167
RB04	3	170 213 -9 113 140 158 147 -9 262 146 224 205 175
RB05	3	-9 -9 -9 113 -9 -9 143 130 262 134 224 169 167
RB05	3	-9 -9 -9 113 -9 -9 147 142 262 136 224 169 167
RB06	3	-9 213 -9 109 128 174 139 142 262 132 224 -9 167
RB06	3	-9 213 -9 117 168 174 147 146 262 132 224 -9 167
RB08	3	-9 -9 -9 -9 136 -9 147 146 262 132 -9 197 165
RB08	3	-9 -9 -9 -9 140 -9 147 146 262 140 -9 197 165
RB09	3	-9 -9 -9 109 140 -9 147 150 262 132 -9 197 167
RB09	3	-9 -9 -9 117 140 -9 147 154 266 132 -9 197 177
RB10	3	166 213 -9 109 -9 -9 147 150 262 130 224 197 151
RB10	3	170 213 -9 109 -9 -9 151 154 262 130 224 207 151
TR01-H	3	158 213 146 -9 136 158 111 146 262 130 224 197 167
TR01-H	3	170 213 146 -9 136 158 147 146 262 132 224 207 171
TR02	3	166 201 146 113 132 130 139 -9 262 130 224 197 167
TR02	3	170 221 146 117 132 142 147 -9 262 134 224 207 167
TR03	3	158 209 146 113 132 150 135 138 262 142 224 197 155
TR03	3	170 213 146 129 132 150 167 154 262 142 224 197 167
TR04	3	166 213 146 105 128 154 147 146 262 144 224 197 167
TR04	3	170 217 146 109 140 158 147 154 262 144 224 197 167
TR05	3	158 201 138 113 140 158 131 -9 262 134 218 173 171
TR05	3	170 209 146 113 140 158 131 -9 262 138 224 205 175
TR06	3	158 213 142 105 136 166 143 142 258 132 224 197 171
TR06	3	170 213 146 117 140 166 147 146 258 138 224 201 175
TR07	3	158 213 146 113 136 130 147 130 258 136 224 197 171
TR07	3	170 213 146 117 136 170 147 138 258 144 224 205 175
TR08	3	166 197 138 117 136 154 139 130 262 130 224 -9 155
TR08	3	166 213 146 117 140 158 147 138 262 134 224 -9 167
TR09	3	166 193 138 105 132 130 139 138 258 134 224 -9 -9
TR09	3	170 217 150 113 144 158 147 146 258 134 224 -9 -9
TR10	3	158 193 146 117 148 166 167 142 -9 134 221 -9 -9
TR10	3	166 213 146 117 164 174 167 154 -9 134 224 -9 -9