		hex1 hex2 hex4 hex27 hex25 hex13
B1-L	1	147 147 301 161 171 175
B1-L	1	153 153 301 179 171 187
B2-M1_E08	1	147 147 301 161 -9 175
B2-M1_E08	1	153 153 301 165 -9 187
B3-M1_F08	1	147 147 301 181 171 175
B3-M1_F08	1	153 153 325 187 171 187
B4-M1_G08	1	147 147 301 161 171 175
B4-M1_G08	1	153 153 301 165 171 187
B5-M1_A09	1	147 147 301 177 171 175
B5-M1_A09	1	153 153 301 177 171 187
B6-M1_B09	1	147 147 301 181 171 175
B6-M1_B09	1	153 153 301 183 171 187
B7-M1_H08	1	147 147 301 181 171 175
B7-M1_H08	1	153 153 301 181 171 187
B8-M1_D09	1	147 147 301 161 171 175
B8-M1_D09	1	147 147 301 165 171 187
B9-M1_E09	1	147 147 301 165 171 175
B9-M1_E09	1	147 147 325 177 171 187
B10-M1_C09	1	147 147 325 161 171 175
B10-M1_C09	1	153 153 325 165 171 187
F2-L	2	147 147 301 -9 171 -9
F2-L	2	147 147 301 -9 171 -9
F3-M1_D07	2	147 147 301 165 175 175
F3-M1_D07	2	153 153 301 183 187 187
F4-M1_E07	2	147 147 301 165 175 175
F4-M1_E07	2	153 153 301 181 187 187
F5-M1_F07	2	147 147 301 165 171 175
F5-M1_F07	2	153 153 301 181 171 187
F6-M1_G07	2	147 147 301 161 171 175
F6-M1_G07	2	153 153 301 165 171 187
F7-M1_H07	2	147 147 301 165 171 175
F7-M1_H07	2	153 153 301 183 171 187
F8-M1_A08	2	147 147 301 165 171 175
F8-M1_A08	2	153 153 301 177 171 187
F9-M1_B08	2	147 147 301 165 171 175
F9-M1_B08	2	153 153 301 173 171 187
F10-M1_C08	2	-9 -9 301 165 -9 175
F10-M1_C08	2	-9 -9 301 165 -9 187
CH1-L	3	147 147 -9 187 171 175
CH1-L	3	153 153 -9 187 171 187
CH2-M1_G09	3	147 147 301 183 171 175
CH2-M1_G09	3	153 153 325 187 171 187
CH3-M1_H09	3	147 147 301 187 171 175
CH3-M1_H09	3	153 153 325 187 171 187
CH4-M1_A10	3	147 147 -9 161 171 187
CH4-M1_A10	3	147 147 -9 165 171 187
CH5-M1_B10	3	147 147 301 161 171 175
CH5-M1_B10	3	153 153 301 165 171 187
CH6-M1_C10	3	147 147 301 -9 171 175
CH6-M1_C10	3	153 153 301 -9 171 187
CH7-M1_D10	3	147 147 301 179 156 175
CH7-M1_D10	3	153 153 301 179 156 187
CH8-M1_E10	3	147 147 301 181 165 175
CH8-M1_E10	3	153 153 301 181 171 187
CH9-M1_F10	3	147 147 304 -9 168 175
CH9-M1_F10	3	153 153 304 -9 171 187
CH10-M1_G10	3	153 153 301 165 171 175
CH10-M1_G10	3	153 153 325 181 171 187
GAR1-H	4	147 147 301 161 168 175
GAR1-H	4	153 153 301 161 171 187
GAR2-M1_A11	4	147 147 -9 161 167 175
GAR2-M1_A11	4	153 153 -9 165 167 187
GAR4-M1_B11	4	147 147 -9 155 157 175
GAR4-M1_B11	4	153 153 -9 165 171 187
GAR5-M1_C11	4	153 153 -9 165 171 187
GAR5-M1_C11	4	153 153 -9 165 171 187
GAR6-M1_D11	4	147 147 301 165 171 175
GAR6-M1_D11	4	153 153 301 175 171 187
GAR7-M1_E11	4	147 147 301 161 168 175
GAR7-M1_E11	4	153 153 301 183 168 187
GAR8-M1_F11	4	147 147 301 161 171 175
GAR8-M1_F11	4	153 153 301 165 171 175
GAR9-M1_G11	4	147 147 298 161 171 175
GAR9-M1_G11	4	147 147 301 165 171 187
GAR10-M1_H11	4	147 147 -9 161 171 187
GAR10-M1_H11	4	153 153 -9 165 171 187
GAR11-M1_A12	4	147 147 301 183 -9 175
GAR11-M1_A12	4	153 153 301 185 -9 187
RG1-H	5	147 147 -9 161 156 175
RG1-H	5	150 150 -9 181 156 187
RG2-M1_C12	5	147 147 -9 165 156 175
RG2-M1_C12	5	153 153 -9 165 156 187
RG3-M1_D12	5	147 147 -9 -9 177 175
RG3-M1_D12	5	153 153 -9 -9 189 187
RG4-M1_E12	5	147 147 301 179 156 175
RG4-M1_E12	5	153 153 301 179 162 187
RG5-M1_F12	5	147 147 -9 179 159 175
RG5-M1_F12	5	153 153 -9 179 165 187
RG6-M1_G12	5	-9 -9 -9 165 159 175
RG6-M1_G12	5	-9 -9 -9 165 165 187
RG7-M1_H12	5	147 147 301 165 162 176
RG7-M1_H12	5	153 153 301 179 168 188
RG8-M1_A01	5	-9 -9 -9 -9 162 187
RG8-M1_A01	5	-9 -9 -9 -9 168 187
RG9-M1_B01	5	147 147 -9 163 165 175
RG9-M1_B01	5	153 153 -9 179 165 187
LD1-H	6	147 147 -9 -9 165 175
LD1-H	6	147 147 -9 -9 165 175
LD2-M1_D01	6	147 147 301 161 165 175
LD2-M1_D01	6	153 153 301 165 171 187
LD3-M1_E01	6	147 147 301 -9 159 175
LD3-M1_E01	6	147 147 301 -9 165 187
LD4-M1_F01	6	147 147 -9 -9 159 175
LD4-M1_F01	6	147 147 -9 -9 168 187
LD5-M1_G01	6	147 147 -9 -9 165 175
LD5-M1_G01	6	153 153 -9 -9 165 187
LD6-M1_H01	6	147 147 -9 161 156 175
LD6-M1_H01	6	150 150 -9 161 165 187
LD7-M1_A02	6	147 147 -9 185 159 175
LD7-M1_A02	6	153 153 -9 185 168 187
LD8-M1_B02	6	147 147 -9 165 165 175
LD8-M1_B02	6	153 153 -9 165 171 187
LD9-M1_C02	6	147 147 -9 165 165 175
LD9-M1_C02	6	153 153 -9 179 165 187
LD10-M1_D02	6	147 147 -9 161 165 175
LD10-M1_D02	6	147 147 -9 161 171 187
