		PEN3 PEN4 PEN13 PEN15 PEN16 PEN17 PEN19 PEN21 PEN23 PEN24 PEN27 PEN28 PEN33 PEN34
Sant10	1	317 388 208 340 271 236 223 254 319 318 367 317 293 241
Sant10	1	333 388 220 340 271 296 223 257 319 318 367 323 293 241
Sant11	1	333 388 220 322 271 266 223 233 319 318 367 323 293 241
Sant11	1	333 388 223 340 271 266 223 233 319 321 367 332 293 241
Sant12	1	333 388 220 340 271 272 223 254 319 318 367 317 293 241
Sant12	1	333 388 220 340 271 296 223 254 319 321 367 323 293 241
Sant13	1	317 388 220 328 271 296 223 236 319 318 367 317 293 241
Sant13	1	333 416 223 340 271 299 223 254 319 318 367 332 293 241
Sant1	1	-9 388 211 340 271 242 214 248 319 318 364 332 293 241
Sant1	1	-9 388 220 340 292 257 223 254 319 321 370 332 293 241
Sant2	1	317 388 208 340 271 242 214 254 319 321 367 317 293 241
Sant2	1	333 388 220 340 271 275 223 254 319 327 367 332 293 241
Sant3	1	333 388 220 319 271 278 214 254 319 321 367 323 293 241
Sant3	1	333 388 220 340 271 299 223 254 319 321 370 332 293 241
Sant4	1	333 388 220 -9 271 257 214 233 319 318 364 323 293 -9
Sant4	1	333 388 223 -9 292 296 223 233 319 321 367 332 293 -9
Sant5	1	333 388 220 337 271 245 223 254 319 318 367 326 293 241
Sant5	1	333 388 220 340 271 296 223 254 319 330 367 332 293 241
Sant6	1	317 388 220 334 271 257 214 248 319 318 364 323 293 241
Sant6	1	333 388 220 340 271 275 223 254 319 321 367 332 293 241
Sant7	1	341 388 220 340 271 296 214 254 319 318 352 323 293 241
Sant7	1	341 388 223 340 271 299 223 254 319 321 367 323 293 241
Sant8	1	317 388 208 322 271 266 214 233 319 321 352 326 293 241
Sant8	1	333 388 220 340 292 266 223 254 319 327 367 332 293 241
Sant9	1	341 388 220 328 271 242 214 233 319 318 364 323 293 241
Sant9	1	341 388 220 340 271 278 223 254 319 327 367 332 293 241
SanCriC10	2	-9 388 208 340 271 260 214 254 319 318 364 323 293 241
SanCriC10	2	-9 388 220 340 271 296 223 254 319 318 367 332 293 241
SanCriC12	2	317 388 220 322 271 236 214 239 319 318 367 323 293 241
SanCriC12	2	317 388 223 340 292 296 223 254 319 321 370 332 293 241
SanCriC13	2	317 388 220 322 271 278 214 233 -9 318 364 323 293 241
SanCriC13	2	333 388 220 340 271 296 223 254 -9 327 367 332 293 244
SanCriC14	2	317 388 208 -9 271 266 214 233 319 318 364 323 293 -9
SanCriC14	2	317 392 223 -9 271 293 223 248 319 327 367 332 293 -9
SanCriC15	2	317 388 208 337 271 296 214 254 319 318 367 323 281 241
SanCriC15	2	333 388 220 340 292 296 223 254 319 318 367 323 287 241
SanCriC16	2	-9 388 208 340 271 260 214 254 319 318 367 323 293 241
SanCriC16	2	-9 388 220 340 271 266 223 254 319 318 370 323 293 241
SanCriC17	2	333 388 220 340 271 242 214 248 319 318 367 323 293 241
SanCriC17	2	333 416 220 340 271 299 223 254 319 318 367 332 293 241
SanCriC18	2	333 388 208 340 271 242 214 248 319 318 364 323 293 241
SanCriC18	2	333 388 223 340 271 242 223 254 319 327 367 332 293 241
SanCriC19	2	333 388 220 340 271 242 223 233 322 318 367 332 293 241
SanCriC19	2	333 388 220 340 271 266 223 254 322 318 367 332 293 241
SanCriC1	2	317 388 220 -9 271 236 223 233 319 327 367 323 293 -9
SanCriC1	2	333 388 220 -9 271 242 226 254 319 327 367 332 293 -9
SanCriC20	2	317 388 220 -9 271 242 223 236 -9 318 367 317 293 -9
SanCriC20	2	333 388 220 -9 271 266 223 254 -9 327 367 332 293 -9
SanCriC2	2	317 388 220 340 271 308 223 233 -9 318 367 323 293 241
SanCriC2	2	317 388 220 340 271 308 223 233 -9 321 382 323 293 241
SanCriC4	2	333 -9 208 340 271 245 214 248 -9 318 364 -9 293 241
SanCriC4	2	333 -9 220 340 271 296 223 254 -9 321 367 -9 293 241
SanCriC7	2	317 388 220 340 271 242 214 233 319 321 364 332 293 241
SanCriC7	2	333 388 223 343 271 266 223 248 319 327 367 332 293 241
SanCriC8	2	317 388 220 322 271 236 214 233 319 321 367 323 293 241
SanCriC8	2	333 388 220 337 271 299 223 257 319 327 367 323 293 241
SanCriC9	2	333 388 220 340 271 266 223 254 316 318 367 323 293 241
SanCriC9	2	333 388 220 340 271 299 223 254 316 327 367 332 293 241
SanCriC3	2	333 388 220 334 271 275 223 233 319 318 367 317 293 241
SanCriC3	2	333 388 220 340 271 299 223 233 319 321 367 317 293 241
SanCriR10	2	317 388 220 340 271 296 214 248 319 321 364 323 293 241
SanCriR10	2	333 416 220 343 271 296 223 248 319 321 367 323 293 241
SanCriR11	2	317 388 214 340 271 242 223 248 319 318 364 323 293 241
SanCriR11	2	333 388 223 340 271 299 223 254 319 321 367 332 293 241
SanCriR12	2	317 388 208 340 271 299 214 236 319 321 367 323 293 241
SanCriR12	2	333 388 220 340 271 299 223 248 319 321 367 332 293 241
SanCriR13	2	333 388 220 -9 -9 278 223 248 319 -9 364 332 293 -9
SanCriR13	2	333 388 223 -9 -9 299 223 254 319 -9 367 332 293 -9
SanCriR14	2	333 388 220 340 271 236 223 248 319 327 364 323 293 241
SanCriR14	2	333 416 220 340 271 296 223 254 319 327 367 332 293 241
SanCriR15	2	341 388 220 340 271 -9 -9 248 319 321 -9 317 -9 241
SanCriR15	2	341 388 223 340 271 -9 -9 254 319 327 -9 317 -9 241
SanCriR16	2	333 388 208 340 271 260 223 245 319 321 364 323 293 241
SanCriR16	2	333 388 220 340 271 296 223 266 319 327 367 323 293 241
SanCriR1	2	333 388 220 337 271 236 223 254 319 318 364 323 293 241
SanCriR1	2	341 388 220 343 271 281 223 254 319 327 388 332 293 241
SanCriR2	2	333 388 220 322 271 242 214 233 319 318 367 323 293 241
SanCriR2	2	333 388 220 340 271 266 223 254 319 321 367 326 293 241
SanCriR3	2	317 388 208 -9 271 278 214 248 319 318 367 323 293 -9
SanCriR3	2	333 388 220 -9 271 278 223 257 319 327 367 323 293 -9
SanCriR4	2	317 388 220 340 271 236 214 254 316 321 364 323 293 241
SanCriR4	2	333 388 220 340 271 242 223 254 316 327 367 332 293 241
SanCriR5	2	341 388 220 340 271 257 223 248 319 321 364 317 293 241
SanCriR5	2	341 388 223 340 271 278 223 254 319 327 367 317 293 241
SanCriR6	2	-9 388 220 340 271 278 214 233 -9 321 355 323 293 241
SanCriR6	2	-9 388 220 343 271 299 223 254 -9 321 367 332 293 241
SanCriR7	2	333 388 214 340 271 296 214 233 319 321 367 323 293 241
SanCriR7	2	333 388 220 340 271 296 223 254 319 327 370 323 293 241
SanCriR8	2	-9 388 220 337 271 260 214 254 319 318 367 323 293 241
SanCriR8	2	-9 388 223 337 271 296 223 254 319 327 367 332 293 259
SanCriR9	2	333 388 220 340 271 266 223 254 319 318 367 317 293 241
SanCriR9	2	333 388 220 340 271 266 223 254 319 321 367 335 293 241
StaCru10	3	333 384 220 322 271 242 205 254 319 321 364 332 305 262
StaCru10	3	333 388 223 340 271 266 205 254 319 327 367 332 305 262
StaCru1	3	333 388 208 340 271 266 223 233 319 318 367 317 287 241
StaCru1	3	333 388 220 340 271 296 223 254 319 321 367 332 293 241
StaCru2	3	333 388 220 340 271 236 223 248 319 318 367 317 293 241
StaCru2	3	333 388 220 340 271 296 223 254 319 321 367 317 293 241
StaCru4	3	333 388 217 -9 271 242 205 233 319 318 364 350 293 241
StaCru4	3	333 388 220 -9 271 257 205 254 319 318 367 350 293 241
StaCru5	3	333 -9 220 322 -9 -9 196 233 319 318 -9 332 293 241
StaCru5	3	333 -9 220 340 -9 -9 205 254 319 321 -9 332 293 241
StaCru6	3	333 388 223 340 271 266 223 254 319 321 364 323 293 241
StaCru6	3	333 388 223 340 271 275 223 254 319 327 364 332 293 241
StaCru7	3	333 388 223 340 271 299 214 254 319 321 367 323 287 241
StaCru7	3	333 388 223 340 271 -9 223 254 319 327 367 326 293 241
StaCru8	3	333 388 220 340 271 242 214 233 319 318 364 323 293 241
StaCru8	3	333 388 220 340 271 257 223 254 319 318 367 332 293 241
StaCru9	3	333 388 208 -9 -9 -9 196 233 319 318 364 350 293 -9
StaCru9	3	333 388 220 -9 -9 -9 205 248 319 318 364 350 293 -9
StaCruR10	3	-9 388 208 331 271 242 214 233 319 318 364 323 293 241
StaCruR10	3	-9 388 223 340 271 242 223 254 319 327 364 332 293 241
StaCruR11	3	333 388 208 -9 -9 266 214 233 -9 -9 367 326 293 -9
StaCruR11	3	333 388 220 -9 -9 278 223 254 -9 -9 367 332 293 -9
StaCruR12	3	-9 388 208 -9 -9 242 214 233 319 -9 367 317 293 -9
StaCruR12	3	-9 392 220 -9 -9 275 223 233 319 -9 370 323 293 -9
StaCruR13	3	333 388 220 -9 271 257 214 254 319 318 352 323 293 -9
StaCruR13	3	333 388 220 -9 271 299 223 254 319 321 367 332 293 -9
StaCruR1	3	-9 416 208 340 271 281 214 233 319 318 367 323 293 241
StaCruR1	3	-9 416 220 340 271 296 223 233 319 321 367 323 296 241
StaCruR2	3	333 388 208 337 271 296 214 233 319 318 364 323 293 241
StaCruR2	3	333 416 220 340 271 299 223 254 319 321 370 332 293 241
StaCruR3	3	333 388 220 322 271 251 223 233 319 318 385 323 308 241
StaCruR3	3	333 388 220 328 271 287 223 257 319 321 388 332 308 244
StaCruR4	3	333 388 220 340 271 272 223 233 319 321 352 317 293 241
StaCruR4	3	333 388 220 343 271 296 223 254 319 327 367 323 293 241
StaCruR5	3	-9 388 220 340 271 266 223 232 319 318 367 323 293 241
StaCruR5	3	-9 388 223 340 271 278 223 248 319 327 367 332 296 241
StaCruR6	3	333 388 220 340 271 257 214 254 319 318 364 317 287 241
StaCruR6	3	333 388 220 340 271 266 223 254 319 327 367 323 293 241
StaCruR7	3	317 388 208 340 271 -9 214 233 319 318 -9 317 293 241
StaCruR7	3	333 388 220 340 271 -9 223 254 319 321 -9 332 293 241
StaCruR8	3	317 388 220 334 271 296 214 248 319 318 367 323 293 241
StaCruR8	3	317 388 220 340 271 299 223 248 319 321 367 332 293 241
StaCruR9	3	317 388 220 340 271 296 214 254 319 321 352 317 293 241
StaCruR9	3	333 388 220 340 271 296 223 254 319 321 367 332 296 241
Flor10	4	333 388 220 340 271 242 205 248 319 318 367 317 293 241
Flor10	4	333 388 220 340 271 299 223 263 319 318 367 332 293 241
Flor11	4	317 388 220 340 271 269 223 254 319 318 367 323 293 241
Flor11	4	333 388 220 340 271 278 223 254 319 318 385 323 293 241
Flor12	4	317 388 208 337 271 266 214 233 319 318 364 332 293 241
Flor12	4	333 388 220 340 271 299 223 254 319 318 367 332 293 241
Flor13	4	333 -9 208 322 -9 242 223 233 319 -9 367 317 293 241
Flor13	4	333 -9 208 340 -9 296 223 233 322 -9 367 332 293 241
Flor14	4	317 388 208 328 -9 278 223 233 -9 -9 367 317 302 241
Flor14	4	333 388 220 340 -9 308 232 248 -9 -9 385 323 302 241
Flor18	4	333 388 220 -9 271 266 214 233 319 321 352 332 293 -9
Flor18	4	333 388 220 -9 271 278 223 233 319 327 367 332 293 -9
Flor1	4	-9 388 220 331 271 266 214 233 319 318 367 317 293 241
Flor1	4	-9 388 220 334 271 296 223 233 319 321 367 323 293 241
Flor2	4	333 388 220 340 271 242 214 233 319 318 367 323 293 241
Flor2	4	333 416 220 340 271 272 223 248 319 327 367 332 293 241
Flor3	4	333 388 220 340 271 242 223 233 319 321 364 323 293 241
Flor3	4	333 392 220 340 292 281 223 248 319 327 367 332 293 241
Flor4	4	-9 388 220 340 271 260 214 248 319 318 367 326 293 241
Flor4	4	-9 388 220 340 271 296 223 254 319 321 367 329 293 241
Flor5	4	317 388 220 328 271 308 223 248 319 321 382 323 305 241
Flor5	4	333 388 223 340 271 311 232 248 319 321 385 323 305 241
Flor6	4	317 388 223 340 271 272 214 233 319 318 364 317 293 241
Flor6	4	333 404 223 343 271 296 223 233 319 327 367 332 293 241
Flor7	4	333 388 220 340 271 242 214 254 319 318 367 323 293 241
Flor7	4	333 404 220 340 271 275 223 254 319 318 367 323 293 241
Flor8	4	333 388 208 340 271 242 214 236 319 318 367 323 293 241
Flor8	4	333 388 220 340 271 242 223 254 319 327 370 332 293 241
Flor9	4	333 388 208 337 271 266 223 233 319 318 364 332 293 241
Flor9	4	333 388 220 340 271 299 223 254 319 318 367 332 293 241
StaFe10	5	333 388 220 337 271 236 214 229 319 321 367 323 293 241
StaFe10	5	333 388 220 337 271 242 223 254 319 327 370 326 293 259
StaFe11	5	317 388 220 328 271 275 214 233 319 321 367 317 293 241
StaFe11	5	333 388 220 340 271 296 223 233 319 327 367 323 293 241
StaFe12	5	-9 388 208 340 271 266 214 233 319 318 367 323 293 241
StaFe12	5	-9 388 223 340 271 281 223 254 319 321 367 332 293 241
StaFe13	5	333 388 220 -9 -9 296 214 248 319 -9 367 332 293 -9
StaFe13	5	333 388 220 -9 -9 299 223 254 319 -9 367 332 293 -9
StaFe1	5	333 388 220 328 271 275 223 233 319 321 367 317 293 241
StaFe1	5	333 388 220 340 271 296 223 233 319 327 367 323 293 241
StaFe2	5	333 388 208 340 271 269 223 254 319 318 367 323 305 241
StaFe2	5	333 388 220 340 271 308 232 254 319 321 382 332 305 241
StaFe4	5	317 388 220 337 271 236 214 229 319 318 367 323 293 241
StaFe4	5	333 388 220 337 271 242 223 254 319 321 370 326 293 259
StaFe6	5	333 388 220 340 271 281 214 233 319 318 364 323 293 241
StaFe6	5	333 388 223 340 271 296 223 254 319 321 367 332 293 241
StaFe7	5	333 388 208 340 271 257 214 254 319 318 352 323 293 241
StaFe7	5	333 388 220 340 271 296 223 254 319 321 367 332 293 241
StaFe8	5	333 388 220 328 271 266 214 233 319 318 352 317 293 241
StaFe8	5	333 388 220 340 271 275 223 248 319 321 367 332 293 241
StaFe9	5	333 388 220 340 271 236 214 233 319 318 364 317 293 241
StaFe9	5	333 388 223 340 271 299 223 248 319 321 367 323 293 241
IsaS10	6	333 388 214 328 271 266 223 233 319 318 364 332 293 241
IsaS10	6	333 416 220 340 271 296 223 254 319 321 367 332 293 241
IsaS15	6	333 388 220 328 271 278 214 233 -9 318 364 323 293 241
IsaS15	6	333 388 220 340 271 296 223 254 -9 327 367 332 293 250
IsaS2	6	333 388 208 340 271 242 214 233 319 318 367 317 293 241
IsaS2	6	333 388 208 340 271 266 223 248 319 321 367 317 293 241
IsaS30	6	333 388 214 340 271 296 214 233 319 318 367 323 293 241
IsaS30	6	333 416 220 340 271 296 223 254 319 318 367 326 293 241
IsaS32	6	333 388 208 340 271 242 214 233 319 321 364 317 293 241
IsaS32	6	333 388 220 340 271 296 223 248 319 321 367 332 293 241
IsaS33	6	-9 388 208 340 271 242 223 248 319 321 367 317 293 241
IsaS33	6	-9 388 208 340 271 242 223 248 319 321 367 323 293 241
IsaS34	6	-9 388 220 340 271 260 214 233 319 321 367 317 293 241
IsaS34	6	-9 388 220 346 271 296 223 254 319 327 367 323 293 241
IsaS38	6	333 388 220 340 271 242 223 233 319 318 367 332 293 241
IsaS38	6	333 392 220 340 271 266 223 233 319 321 367 332 293 241
IsaS39	6	333 388 220 325 271 242 214 233 319 318 367 317 293 241
IsaS39	6	333 416 220 340 271 257 223 254 319 327 373 323 293 241
IsaS40	6	333 388 220 328 271 242 223 233 319 318 367 323 293 241
IsaS40	6	333 416 223 340 271 296 223 236 319 321 367 332 293 241
IsaS42	6	333 388 220 340 271 275 214 248 319 321 364 323 287 241
IsaS42	6	333 388 220 340 271 296 223 248 319 327 367 332 293 262
IsaS43	6	333 388 220 337 271 242 214 233 319 318 364 323 293 241
IsaS43	6	333 388 223 343 271 296 223 233 319 327 367 323 293 241
IsaS44	6	333 388 208 340 271 266 214 233 319 321 364 323 293 241
IsaS44	6	333 388 220 340 271 266 223 254 319 327 367 332 293 241
IsaS48	6	333 388 220 340 271 242 214 233 319 318 367 317 293 241
IsaS48	6	333 388 220 340 271 296 223 254 319 318 370 323 293 241
IsaS4	6	333 388 208 340 271 242 214 248 319 321 367 323 284 241
IsaS4	6	333 392 223 340 271 266 223 257 319 327 367 326 293 241
IsaS51	6	-9 388 220 328 271 269 214 233 319 318 367 323 293 241
IsaS51	6	-9 388 220 340 271 275 223 248 319 321 367 332 293 241
IsaS52	6	333 388 208 340 271 257 223 233 319 321 364 317 293 241
IsaS52	6	333 388 220 340 271 269 223 248 319 321 367 323 293 241
IsaS6	6	333 388 208 340 271 242 223 254 319 318 367 323 293 241
IsaS6	6	333 388 220 340 271 242 223 254 319 327 367 323 293 241
IsaS7	6	-9 388 208 337 271 242 223 248 319 321 367 317 293 241
IsaS7	6	-9 388 220 337 271 296 223 254 319 327 367 323 293 241
IsaS8	6	-9 388 208 328 271 296 214 233 319 324 367 323 293 241
IsaS8	6	-9 388 220 337 292 299 223 254 319 327 367 332 293 241
IsaU10	6	333 388 208 340 271 272 223 233 319 318 367 317 287 241
IsaU10	6	333 388 220 340 271 275 223 254 319 318 367 323 293 241
IsaU11	6	333 388 220 337 271 257 214 236 319 318 367 323 293 241
IsaU11	6	333 388 223 340 271 296 223 248 319 327 367 323 293 241
IsaU12	6	-9 388 220 340 -9 278 214 233 319 -9 364 323 293 241
IsaU12	6	-9 416 220 340 -9 284 223 233 319 -9 364 323 293 241
IsaU13	6	333 388 220 340 271 242 211 248 319 318 367 323 293 241
IsaU13	6	333 388 223 340 271 257 223 254 319 321 367 332 293 241
IsaU14	6	-9 388 220 340 271 266 211 233 316 321 367 332 293 241
IsaU14	6	-9 388 223 340 271 296 223 248 319 321 367 332 293 241
IsaU15	6	-9 388 208 340 271 242 214 248 319 318 364 323 293 241
IsaU15	6	-9 388 220 340 271 257 223 254 319 321 367 323 293 241
IsaU16	6	333 388 208 340 271 242 208 233 319 318 367 323 293 241
IsaU16	6	333 388 208 340 271 275 223 254 319 321 367 329 293 241
IsaU17	6	-9 388 220 337 271 296 214 254 319 321 367 323 293 241
IsaU17	6	-9 388 220 340 271 296 223 254 319 327 370 323 293 241
IsaU18	6	333 388 220 322 271 257 214 233 319 318 361 323 293 241
IsaU18	6	333 388 223 334 271 296 223 254 319 321 376 332 293 241
IsaU19	6	-9 388 220 340 271 278 214 254 319 318 367 323 293 241
IsaU19	6	-9 388 220 340 271 296 223 254 319 321 367 323 293 241
IsaU20	6	333 388 208 337 271 245 223 254 319 318 367 317 305 241
IsaU20	6	333 388 214 340 292 251 232 254 319 327 382 332 305 241
IsaU21	6	-9 388 208 340 271 296 214 254 319 321 364 317 293 241
IsaU21	6	-9 416 220 340 292 296 223 254 319 327 367 332 293 241
IsaU22	6	333 388 220 340 271 -9 223 233 319 318 -9 323 293 241
IsaU22	6	333 388 220 340 292 -9 223 233 319 318 -9 323 293 241
IsaU3	6	333 388 220 -9 271 242 214 248 319 318 367 323 293 -9
IsaU3	6	333 388 223 -9 271 275 223 254 319 318 367 326 293 -9
IsaU4	6	-9 388 220 328 271 242 214 233 319 318 364 323 293 241
IsaU4	6	-9 388 220 340 271 296 223 248 319 318 367 332 293 241
IsaU5	6	-9 388 220 340 271 242 214 233 319 321 364 326 293 241
IsaU5	6	-9 388 220 340 271 266 223 257 319 321 367 332 293 241
IsaU6	6	-9 388 220 334 271 236 214 233 319 318 364 323 293 241
IsaU6	6	-9 388 223 340 271 269 223 254 319 318 367 332 293 241
IsaU7	6	317 388 214 340 271 242 214 233 319 327 367 317 293 241
IsaU7	6	333 392 220 340 271 296 223 254 319 327 367 317 293 262
IsaU8	6	333 388 208 328 271 242 214 254 319 321 364 332 293 241
IsaU8	6	333 388 220 340 271 296 223 254 319 324 367 332 293 241
IsaU9	6	-9 388 220 340 271 242 223 248 316 321 364 323 293 241
IsaU9	6	-9 388 220 343 286 299 223 248 316 321 370 323 293 241
