Tittle line: “Lobster”
PEN3
PEN4
PEN13
PEN15
PEN16
PEN17
PEN19
PEN21
PEN23
PEN24
PEN27
PEN28
PEN33
PEN34
pop
Sant10 ,  317333 388388 208220 340340 271271 236296 223223 254257 319319 318318 367367 317323 293293 241241
Sant11 ,  333333 388388 220223 322340 271271 266266 223223 233233 319319 318321 367367 323332 293293 241241
Sant12 ,  333333 388388 220220 340340 271271 272296 223223 254254 319319 318321 367367 317323 293293 241241
Sant13 ,  317333 388416 220223 328340 271271 296299 223223 236254 319319 318318 367367 317332 293293 241241
Sant1 ,  000000 388388 211220 340340 271292 242257 214223 248254 319319 318321 364370 332332 293293 241241
Sant2 ,  317333 388388 208220 340340 271271 242275 214223 254254 319319 321327 367367 317332 293293 241241
Sant3 ,  333333 388388 220220 319340 271271 278299 214223 254254 319319 321321 367370 323332 293293 241241
Sant4 ,  333333 388388 220223 000000 271292 257296 214223 233233 319319 318321 364367 323332 293293 000000
Sant5 ,  333333 388388 220220 337340 271271 245296 223223 254254 319319 318330 367367 326332 293293 241241
Sant6 ,  317333 388388 220220 334340 271271 257275 214223 248254 319319 318321 364367 323332 293293 241241
Sant7 ,  341341 388388 220223 340340 271271 296299 214223 254254 319319 318321 352367 323323 293293 241241
Sant8 ,  317333 388388 208220 322340 271292 266266 214223 233254 319319 321327 352367 326332 293293 241241
Sant9 ,  341341 388388 220220 328340 271271 242278 214223 233254 319319 318327 364367 323332 293293 241241
pop
SanCriC10 ,  000000 388388 208220 340340 271271 260296 214223 254254 319319 318318 364367 323332 293293 241241
SanCriC12 ,  317317 388388 220223 322340 271292 236296 214223 239254 319319 318321 367370 323332 293293 241241
SanCriC13 ,  317333 388388 220220 322340 271271 278296 214223 233254 000000 318327 364367 323332 293293 241244
SanCriC14 ,  317317 388392 208223 000000 271271 266293 214223 233248 319319 318327 364367 323332 293293 000000
SanCriC15 ,  317333 388388 208220 337340 271292 296296 214223 254254 319319 318318 367367 323323 281287 241241
SanCriC16 ,  000000 388388 208220 340340 271271 260266 214223 254254 319319 318318 367370 323323 293293 241241
SanCriC17 ,  333333 388416 220220 340340 271271 242299 214223 248254 319319 318318 367367 323332 293293 241241
SanCriC18 ,  333333 388388 208223 340340 271271 242242 214223 248254 319319 318327 364367 323332 293293 241241
SanCriC19 ,  333333 388388 220220 340340 271271 242266 223223 233254 322322 318318 367367 332332 293293 241241
SanCriC1 ,  317333 388388 220220 000000 271271 236242 223226 233254 319319 327327 367367 323332 293293 000000
SanCriC20 ,  317333 388388 220220 000000 271271 242266 223223 236254 000000 318327 367367 317332 293293 000000
SanCriC2 ,  317317 388388 220220 340340 271271 308308 223223 233233 000000 318321 367382 323323 293293 241241
SanCriC4 ,  333333 000000 208220 340340 271271 245296 214223 248254 000000 318321 364367 000000 293293 241241
SanCriC7 ,  317333 388388 220223 340343 271271 242266 214223 233248 319319 321327 364367 332332 293293 241241
SanCriC8 ,  317333 388388 220220 322337 271271 236299 214223 233257 319319 321327 367367 323323 293293 241241
SanCriC9 ,  333333 388388 220220 340340 271271 266299 223223 254254 316316 318327 367367 323332 293293 241241
SanCriC3 ,  333333 388388 220220 334340 271271 275299 223223 233233 319319 318321 367367 317317 293293 241241
SanCriR10 ,  317333 388416 220220 340343 271271 296296 214223 248248 319319 321321 364367 323323 293293 241241
SanCriR11 ,  317333 388388 214223 340340 271271 242299 223223 248254 319319 318321 364367 323332 293293 241241
SanCriR12 ,  317333 388388 208220 340340 271271 299299 214223 236248 319319 321321 367367 323332 293293 241241
SanCriR13 ,  333333 388388 220223 000000 000000 278299 223223 248254 319319 000000 364367 332332 293293 000000
SanCriR14 ,  333333 388416 220220 340340 271271 236296 223223 248254 319319 327327 364367 323332 293293 241241
SanCriR15 ,  341341 388388 220223 340340 271271 000000 000000 248254 319319 321327 000000 317317 000000 241241
SanCriR16 ,  333333 388388 208220 340340 271271 260296 223223 245266 319319 321327 364367 323323 293293 241241
SanCriR1 ,  333341 388388 220220 337343 271271 236281 223223 254254 319319 318327 364388 323332 293293 241241
SanCriR2 ,  333333 388388 220220 322340 271271 242266 214223 233254 319319 318321 367367 323326 293293 241241
SanCriR3 ,  317333 388388 208220 000000 271271 278278 214223 248257 319319 318327 367367 323323 293293 000000
SanCriR4 ,  317333 388388 220220 340340 271271 236242 214223 254254 316316 321327 364367 323332 293293 241241
SanCriR5 ,  341341 388388 220223 340340 271271 257278 223223 248254 319319 321327 364367 317317 293293 241241
SanCriR6 ,  000000 388388 220220 340343 271271 278299 214223 233254 000000 321321 355367 323332 293293 241241
SanCriR7 ,  333333 388388 214220 340340 271271 296296 214223 233254 319319 321327 367370 323323 293293 241241
SanCriR8 ,  000000 388388 220223 337337 271271 260296 214223 254254 319319 318327 367367 323332 293293 241259
SanCriR9 ,  333333 388388 220220 340340 271271 266266 223223 254254 319319 318321 367367 317335 293293 241241
pop
StaCru10 ,  333333 384388 220223 322340 271271 242266 205205 254254 319319 321327 364367 332332 305305 262262
StaCru1 ,  333333 388388 208220 340340 271271 266296 223223 233254 319319 318321 367367 317332 287293 241241
StaCru2 ,  333333 388388 220220 340340 271271 236296 223223 248254 319319 318321 367367 317317 293293 241241
StaCru4 ,  333333 388388 217220 000000 271271 242257 205205 233254 319319 318318 364367 350350 293293 241241
StaCru5 ,  333333 000000 220220 322340 000000 000000 196205 233254 319319 318321 000000 332332 293293 241241
StaCru6 ,  333333 388388 223223 340340 271271 266275 223223 254254 319319 321327 364364 323332 293293 241241
StaCru7 ,  333333 388388 223223 340340 271271 299000 214223 254254 319319 321327 367367 323326 287293 241241
StaCru8 ,  333333 388388 220220 340340 271271 242257 214223 233254 319319 318318 364367 323332 293293 241241
StaCru9 ,  333333 388388 208220 000000 000000 000000 196205 233248 319319 318318 364364 350350 293293 000000
StaCruR10 ,  000000 388388 208223 331340 271271 242242 214223 233254 319319 318327 364364 323332 293293 241241
StaCruR11 ,  333333 388388 208220 000000 000000 266278 214223 233254 000000 000000 367367 326332 293293 000000
StaCruR12 ,  000000 388392 208220 000000 000000 242275 214223 233233 319319 000000 367370 317323 293293 000000
StaCruR13 ,  333333 388388 220220 000000 271271 257299 214223 254254 319319 318321 352367 323332 293293 000000
StaCruR1 ,  000000 416416 208220 340340 271271 281296 214223 233233 319319 318321 367367 323323 293296 241241
StaCruR2 ,  333333 388416 208220 337340 271271 296299 214223 233254 319319 318321 364370 323332 293293 241241
StaCruR3 ,  333333 388388 220220 322328 271271 251287 223223 233257 319319 318321 385388 323332 308308 241244
StaCruR4 ,  333333 388388 220220 340343 271271 272296 223223 233254 319319 321327 352367 317323 293293 241241
StaCruR5 ,  000000 388388 220223 340340 271271 266278 223223 232248 319319 318327 367367 323332 293296 241241
StaCruR6 ,  333333 388388 220220 340340 271271 257266 214223 254254 319319 318327 364367 317323 287293 241241
StaCruR7 ,  317333 388388 208220 340340 271271 000000 214223 233254 319319 318321 000000 317332 293293 241241
StaCruR8 ,  317317 388388 220220 334340 271271 296299 214223 248248 319319 318321 367367 323332 293293 241241
StaCruR9 ,  317333 388388 220220 340340 271271 296296 214223 254254 319319 321321 352367 317332 293296 241241
pop
Flor10 ,  333333 388388 220220 340340 271271 242299 205223 248263 319319 318318 367367 317332 293293 241241
Flor11 ,  317333 388388 220220 340340 271271 269278 223223 254254 319319 318318 367385 323323 293293 241241
Flor12 ,  317333 388388 208220 337340 271271 266299 214223 233254 319319 318318 364367 332332 293293 241241
Flor13 ,  333333 000000 208208 322340 000000 242296 223223 233233 319322 000000 367367 317332 293293 241241
Flor14 ,  317333 388388 208220 328340 000000 278308 223232 233248 000000 000000 367385 317323 302302 241241
Flor18 ,  333333 388388 220220 000000 271271 266278 214223 233233 319319 321327 352367 332332 293293 000000
Flor1 ,  000000 388388 220220 331334 271271 266296 214223 233233 319319 318321 367367 317323 293293 241241
Flor2 ,  333333 388416 220220 340340 271271 242272 214223 233248 319319 318327 367367 323332 293293 241241
Flor3 ,  333333 388392 220220 340340 271292 242281 223223 233248 319319 321327 364367 323332 293293 241241
Flor4 ,  000000 388388 220220 340340 271271 260296 214223 248254 319319 318321 367367 326329 293293 241241
Flor5 ,  317333 388388 220223 328340 271271 308311 223232 248248 319319 321321 382385 323323 305305 241241
Flor6 ,  317333 388404 223223 340343 271271 272296 214223 233233 319319 318327 364367 317332 293293 241241
Flor7 ,  333333 388404 220220 340340 271271 242275 214223 254254 319319 318318 367367 323323 293293 241241
Flor8 ,  333333 388388 208220 340340 271271 242242 214223 236254 319319 318327 367370 323332 293293 241241
Flor9 ,  333333 388388 208220 337340 271271 266299 223223 233254 319319 318318 364367 332332 293293 241241
pop
StaFe10 ,  333333 388388 220220 337337 271271 236242 214223 229254 319319 321327 367370 323326 293293 241259
StaFe11 ,  317333 388388 220220 328340 271271 275296 214223 233233 319319 321327 367367 317323 293293 241241
StaFe12 ,  000000 388388 208223 340340 271271 266281 214223 233254 319319 318321 367367 323332 293293 241241
StaFe13 ,  333333 388388 220220 000000 000000 296299 214223 248254 319319 000000 367367 332332 293293 000000
StaFe1 ,  333333 388388 220220 328340 271271 275296 223223 233233 319319 321327 367367 317323 293293 241241
StaFe2 ,  333333 388388 208220 340340 271271 269308 223232 254254 319319 318321 367382 323332 305305 241241
StaFe4 ,  317333 388388 220220 337337 271271 236242 214223 229254 319319 318321 367370 323326 293293 241259
StaFe6 ,  333333 388388 220223 340340 271271 281296 214223 233254 319319 318321 364367 323332 293293 241241
StaFe7 ,  333333 388388 208220 340340 271271 257296 214223 254254 319319 318321 352367 323332 293293 241241
StaFe8 ,  333333 388388 220220 328340 271271 266275 214223 233248 319319 318321 352367 317332 293293 241241
StaFe9 ,  333333 388388 220223 340340 271271 236299 214223 233248 319319 318321 364367 317323 293293 241241
pop
IsaS10 ,  333333 388416 214220 328340 271271 266296 223223 233254 319319 318321 364367 332332 293293 241241
IsaS15 ,  333333 388388 220220 328340 271271 278296 214223 233254 000000 318327 364367 323332 293293 241250
IsaS2 ,  333333 388388 208208 340340 271271 242266 214223 233248 319319 318321 367367 317317 293293 241241
IsaS30 ,  333333 388416 214220 340340 271271 296296 214223 233254 319319 318318 367367 323326 293293 241241
IsaS32 ,  333333 388388 208220 340340 271271 242296 214223 233248 319319 321321 364367 317332 293293 241241
IsaS33 ,  000000 388388 208208 340340 271271 242242 223223 248248 319319 321321 367367 317323 293293 241241
IsaS34 ,  000000 388388 220220 340346 271271 260296 214223 233254 319319 321327 367367 317323 293293 241241
IsaS38 ,  333333 388392 220220 340340 271271 242266 223223 233233 319319 318321 367367 332332 293293 241241
IsaS39 ,  333333 388416 220220 325340 271271 242257 214223 233254 319319 318327 367373 317323 293293 241241
IsaS40 ,  333333 388416 220223 328340 271271 242296 223223 233236 319319 318321 367367 323332 293293 241241
IsaS42 ,  333333 388388 220220 340340 271271 275296 214223 248248 319319 321327 364367 323332 287293 241262
IsaS43 ,  333333 388388 220223 337343 271271 242296 214223 233233 319319 318327 364367 323323 293293 241241
IsaS44 ,  333333 388388 208220 340340 271271 266266 214223 233254 319319 321327 364367 323332 293293 241241
IsaS48 ,  333333 388388 220220 340340 271271 242296 214223 233254 319319 318318 367370 317323 293293 241241
IsaS4 ,  333333 388392 208223 340340 271271 242266 214223 248257 319319 321327 367367 323326 284293 241241
IsaS51 ,  000000 388388 220220 328340 271271 269275 214223 233248 319319 318321 367367 323332 293293 241241
IsaS52 ,  333333 388388 208220 340340 271271 257269 223223 233248 319319 321321 364367 317323 293293 241241
IsaS6 ,  333333 388388 208220 340340 271271 242242 223223 254254 319319 318327 367367 323323 293293 241241
IsaS7 ,  000000 388388 208220 337337 271271 242296 223223 248254 319319 321327 367367 317323 293293 241241
IsaS8 ,  000000 388388 208220 328337 271292 296299 214223 233254 319319 324327 367367 323332 293293 241241
IsaU10 ,  333333 388388 208220 340340 271271 272275 223223 233254 319319 318318 367367 317323 287293 241241
IsaU11 ,  333333 388388 220223 337340 271271 257296 214223 236248 319319 318327 367367 323323 293293 241241
IsaU12 ,  000000 388416 220220 340340 000000 278284 214223 233233 319319 000000 364364 323323 293293 241241
IsaU13 ,  333333 388388 220223 340340 271271 242257 211223 248254 319319 318321 367367 323332 293293 241241
IsaU14 ,  000000 388388 220223 340340 271271 266296 211223 233248 316319 321321 367367 332332 293293 241241
IsaU15 ,  000000 388388 208220 340340 271271 242257 214223 248254 319319 318321 364367 323323 293293 241241
IsaU16 ,  333333 388388 208208 340340 271271 242275 208223 233254 319319 318321 367367 323329 293293 241241
IsaU17 ,  000000 388388 220220 337340 271271 296296 214223 254254 319319 321327 367370 323323 293293 241241
IsaU18 ,  333333 388388 220223 322334 271271 257296 214223 233254 319319 318321 361376 323332 293293 241241
IsaU19 ,  000000 388388 220220 340340 271271 278296 214223 254254 319319 318321 367367 323323 293293 241241
IsaU20 ,  333333 388388 208214 337340 271292 245251 223232 254254 319319 318327 367382 317332 305305 241241
IsaU21 ,  000000 388416 208220 340340 271292 296296 214223 254254 319319 321327 364367 317332 293293 241241
IsaU22 ,  333333 388388 220220 340340 271292 000000 223223 233233 319319 318318 000000 323323 293293 241241
IsaU3 ,  333333 388388 220223 000000 271271 242275 214223 248254 319319 318318 367367 323326 293293 000000
IsaU4 ,  000000 388388 220220 328340 271271 242296 214223 233248 319319 318318 364367 323332 293293 241241
IsaU5 ,  000000 388388 220220 340340 271271 242266 214223 233257 319319 321321 364367 326332 293293 241241
IsaU6 ,  000000 388388 220223 334340 271271 236269 214223 233254 319319 318318 364367 323332 293293 241241
IsaU7 ,  317333 388392 214220 340340 271271 242296 214223 233254 319319 327327 367367 317317 293293 241262
IsaU8 ,  333333 388388 208220 328340 271271 242296 214223 254254 319319 321324 364367 332332 293293 241241
IsaU9 ,  000000 388388 220220 340343 271286 242299 223223 248248 316316 321321 364370 323323 293293 241241
