Tittle line: Goodallii
goo19
goo8
goo1
goo29
goo7
goo3
goo4
goo14
goo9
goo12
goo10
goo27
goo18
goo28
goo24
Pop
GoCaa01-L ,  156159 157160 255271 160160 183183 395395 277298 154156 074074 114114 156156 154154 146146 156192 000000
GoCaa02 ,  156159 157160 255255 160162 183183 395395 298310 154160 074080 116116 172180 144150 146146 172180 156168
GoCaa03 ,  156159 157160 000000 160160 183183 379391 286289 156160 080080 114114 188188 152152 152152 188188 188188
GoCaa04 ,  156156 157157 000000 164168 183183 399403 286298 156160 074074 112114 166166 142142 000000 166188 160160
GoCaa05 ,  156159 157160 249255 160160 183183 395399 292298 156156 074080 114114 180180 152152 000000 000000 152158
GoCaa06 ,  132156 157157 261279 160160 000000 391395 289298 154156 074080 108114 170170 154154 000000 000000 164164
GoCaa07 ,  132156 157160 000000 160160 183183 391395 283295 156156 074080 110116 172172 146146 000000 000000 172176
GoCaa08 ,  000000 157160 255255 160160 183183 399403 295298 154160 074074 114116 156166 140146 000000 000000 190190
GoCaa09 ,  156159 157160 255255 158160 183183 395395 289301 154156 074074 112122 166166 142142 164164 166192 164176
Pop
GoPP01-H ,  153159 154160 247285 160160 183183 399403 289298 154156 080080 110116 166170 146152 000000 166174 000000
GoPP02 ,  156159 157160 231249 158160 183183 391395 289289 154160 074074 114114 170170 150154 150150 170172 184194
GoPP03 ,  153159 154160 247285 160160 183183 399403 289298 154156 080080 112118 166170 152152 000000 166174 196196
GoPP04 ,  156159 157160 251257 160160 183183 383395 289289 154156 074080 000000 174174 142142 132132 162174 000000
GoPP05 ,  129159 157160 259259 158160 183183 395395 298304 156156 074074 114114 172172 148148 000000 172172 166166
GoPP06 ,  156156 157157 255255 158160 177183 000000 277295 154156 074080 114114 172172 148148 146146 172172 158158
GoPP07 ,  156156 157157 243243 160162 183183 395395 277289 154156 074074 114116 164164 146146 146146 164194 182208
GoPP08 ,  156156 157157 249259 158160 183183 383391 295301 156156 080080 108114 000000 148148 148148 166186 188188
GoPP09 ,  159162 157160 249249 158160 183183 395395 289289 156160 074080 112112 000000 150150 134146 170174 192192
GoPP10 ,  000000 000000 221267 160160 183183 391395 286286 154154 074074 110110 156200 148158 000000 000000 132158
GoPP11 ,  156159 157160 249249 158160 175183 395395 289301 156160 074080 110110 000000 150150 134146 170174 194194
Pop
GoLD01-L ,  000000 157160 235253 160160 183183 000000 286289 156160 074074 112118 172172 148148 000000 000000 184184
GoLD02 ,  156156 157160 221259 160160 183183 395407 298301 154156 074074 110114 168174 142142 146146 174178 196196
GoLD03 ,  159162 157160 255255 158160 183183 383403 289295 154154 074074 114114 166202 142142 000000 166166 160160
GoLD04 ,  156156 157157 239253 158160 183183 395399 286289 156156 080080 112116 168168 152152 146146 168168 152192
GoLD05 ,  000000 157160 221245 158160 183183 395399 289289 156158 074080 112114 154154 150150 000000 170182 152192
GoLD06 ,  162162 157160 243247 158160 183183 395403 286310 154154 074074 114114 166174 146154 146146 166174 178178
GoLD07 ,  159159 160160 000000 158158 183183 000000 000000 154156 070074 114114 154154 144154 000000 000000 194194
GoLD08 ,  156156 157160 000000 160160 185185 399399 289289 154156 074080 116116 174176 144144 146146 174176 164164
GoLD09 ,  153153 154157 249253 158158 183183 383391 277277 156160 074080 116116 172176 154154 146146 172176 132132
GoLD10 ,  159162 157160 263263 158160 183183 000000 289289 154156 074074 000000 000000 144152 146146 180180 194194
Pop
GoMo01-H ,  159162 157160 247251 158160 183183 395395 289289 154156 074080 112112 000000 162162 148152 156178 192194
GoMo02 ,  159159 157157 253267 158160 183183 391395 286295 154160 074080 108108 156156 148148 158158 156172 214214
GoMo03 ,  000000 157160 249249 160160 183183 399407 289310 154156 074080 114114 000000 146150 144152 166176 160190
GoMo04 ,  159159 157160 247255 158160 183183 395395 277289 156156 074080 114114 150150 146148 146160 168178 152152
GoMo05 ,  000000 157160 000000 158160 183183 395395 289289 156156 080080 112112 000000 146146 152152 188188 204204
GoMo06 ,  159162 157160 253283 158160 000000 395399 289289 156156 074074 112112 170178 148148 146146 170178 154190
GoMo07 ,  000000 157157 239255 158160 183183 395395 295295 156156 080080 112112 156166 148148 144148 156166 212212
GoMo08 ,  156156 157160 237253 158160 183183 395399 286289 156160 074074 112112 154162 142142 000000 154162 160160
GoMo09 ,  156156 157157 221221 158160 183183 000000 000000 156162 074074 114114 176176 148148 000000 176194 000000
GoMo10 ,  156156 157157 251269 158160 183183 391399 289301 156162 000000 000000 176176 148148 000000 176180 222222
Pop
GoTR01-H ,  156156 157157 231249 158160 183183 395399 277277 156158 074080 114114 176176 144154 146146 154154 000000
GoTR02 ,  156156 157157 229239 158160 183183 395395 298298 156156 074074 000000 174174 000000 146146 000000 132132
GoTR03 ,  156159 157160 249249 158160 183183 399399 286295 156156 074080 112112 174176 154154 144150 176176 154154
GoTR04 ,  132156 157157 249249 158160 181183 395399 283289 156160 074074 112112 170172 148152 146164 170172 132182
GoTR05 ,  156156 157157 251257 160160 183183 391399 286289 154156 074074 112112 170174 152152 000000 170174 182182
GoTR06 ,  156159 157160 000000 158160 183183 391395 286286 156156 074080 114114 000000 152152 144144 184184 000000
GoTR07 ,  156156 148157 247283 160160 183183 391395 298298 156160 074080 114116 172178 148148 146146 172178 132204
GoTR08 ,  156159 157160 245253 160160 183183 395395 289301 156160 074074 114116 174174 142148 156156 174182 158158
GoTR09 ,  156156 157157 000000 000000 183183 395395 283289 156160 074074 110110 154154 146146 000000 154154 000000
GoTR10 ,  156156 157157 225245 160160 183183 000000 286289 156156 074080 114114 156156 154154 000000 156156 000000
