		goo19 goo8 goo1 goo29 goo7 goo3 goo4 goo14 goo9 goo12 goo10 goo27 goo18 goo28 goo24
GoCaa01-L	1	156 157 255 160 183 395 277 154 074 114 156 154 146 156 -9
GoCaa01-L	1	159 160 271 160 183 395 298 156 074 114 156 154 146 192 -9
GoCaa02	1	156 157 255 160 183 395 298 154 074 116 172 144 146 172 156
GoCaa02	1	159 160 255 162 183 395 310 160 080 116 180 150 146 180 168
GoCaa03	1	156 157 -9 160 183 379 286 156 080 114 188 152 152 188 188
GoCaa03	1	159 160 -9 160 183 391 289 160 080 114 188 152 152 188 188
GoCaa04	1	156 157 -9 164 183 399 286 156 074 112 166 142 -9 166 160
GoCaa04	1	156 157 -9 168 183 403 298 160 074 114 166 142 -9 188 160
GoCaa05	1	156 157 249 160 183 395 292 156 074 114 180 152 -9 -9 152
GoCaa05	1	159 160 255 160 183 399 298 156 080 114 180 152 -9 -9 158
GoCaa06	1	132 157 261 160 -9 391 289 154 074 108 170 154 -9 -9 164
GoCaa06	1	156 157 279 160 -9 395 298 156 080 114 170 154 -9 -9 164
GoCaa07	1	132 157 -9 160 183 391 283 156 074 110 172 146 -9 -9 172
GoCaa07	1	156 160 -9 160 183 395 295 156 080 116 172 146 -9 -9 176
GoCaa08	1	-9 157 255 160 183 399 295 154 074 114 156 140 -9 -9 190
GoCaa08	1	-9 160 255 160 183 403 298 160 074 116 166 146 -9 -9 190
GoCaa09	1	156 157 255 158 183 395 289 154 074 112 166 142 164 166 164
GoCaa09	1	159 160 255 160 183 395 301 156 074 122 166 142 164 192 176
GoPP01-H	1	153 154 247 160 183 399 289 154 080 110 166 146 -9 166 -9
GoPP01-H	1	159 160 285 160 183 403 298 156 080 116 170 152 -9 174 -9
GoPP02	1	156 157 231 158 183 391 289 154 074 114 170 150 150 170 184
GoPP02	1	159 160 249 160 183 395 289 160 074 114 170 154 150 172 194
GoPP03	1	153 154 247 160 183 399 289 154 080 112 166 152 -9 166 196
GoPP03	1	159 160 285 160 183 403 298 156 080 118 170 152 -9 174 196
GoPP04	1	156 157 251 160 183 383 289 154 074 -9 174 142 132 162 -9
GoPP04	1	159 160 257 160 183 395 289 156 080 -9 174 142 132 174 -9
GoPP05	1	129 157 259 158 183 395 298 156 074 114 172 148 -9 172 166
GoPP05	1	159 160 259 160 183 395 304 156 074 114 172 148 -9 172 166
GoPP06	1	156 157 255 158 177 -9 277 154 074 114 172 148 146 172 158
GoPP06	1	156 157 255 160 183 -9 295 156 080 114 172 148 146 172 158
GoPP07	1	156 157 243 160 183 395 277 154 074 114 164 146 146 164 182
GoPP07	1	156 157 243 162 183 395 289 156 074 116 164 146 146 194 208
GoPP08	1	156 157 249 158 183 383 295 156 080 108 -9 148 148 166 188
GoPP08	1	156 157 259 160 183 391 301 156 080 114 -9 148 148 186 188
GoPP09	1	159 157 249 158 183 395 289 156 074 112 -9 150 134 170 192
GoPP09	1	162 160 249 160 183 395 289 160 080 112 -9 150 146 174 192
GoPP10	1	-9 -9 221 160 183 391 286 154 074 110 156 148 -9 -9 132
GoPP10	1	-9 -9 267 160 183 395 286 154 074 110 200 158 -9 -9 158
GoPP11	1	156 157 249 158 175 395 289 156 074 110 -9 150 134 170 194
GoPP11	1	159 160 249 160 183 395 301 160 080 110 -9 150 146 174 194
GoLD01-L	2	-9 157 235 160 183 -9 286 156 074 112 172 148 -9 -9 184
GoLD01-L	2	-9 160 253 160 183 -9 289 160 074 118 172 148 -9 -9 184
GoLD02	2	156 157 221 160 183 395 298 154 074 110 168 142 146 174 196
GoLD02	2	156 160 259 160 183 407 301 156 074 114 174 142 146 178 196
GoLD03	2	159 157 255 158 183 383 289 154 074 114 166 142 -9 166 160
GoLD03	2	162 160 255 160 183 403 295 154 074 114 202 142 -9 166 160
GoLD04	2	156 157 239 158 183 395 286 156 080 112 168 152 146 168 152
GoLD04	2	156 157 253 160 183 399 289 156 080 116 168 152 146 168 192
GoLD05	2	-9 157 221 158 183 395 289 156 074 112 154 150 -9 170 152
GoLD05	2	-9 160 245 160 183 399 289 158 080 114 154 150 -9 182 192
GoLD06	2	162 157 243 158 183 395 286 154 074 114 166 146 146 166 178
GoLD06	2	162 160 247 160 183 403 310 154 074 114 174 154 146 174 178
GoLD07	2	159 160 -9 158 183 -9 -9 154 070 114 154 144 -9 -9 194
GoLD07	2	159 160 -9 158 183 -9 -9 156 074 114 154 154 -9 -9 194
GoLD08	2	156 157 -9 160 185 399 289 154 074 116 174 144 146 174 164
GoLD08	2	156 160 -9 160 185 399 289 156 080 116 176 144 146 176 164
GoLD09	2	153 154 249 158 183 383 277 156 074 116 172 154 146 172 132
GoLD09	2	153 157 253 158 183 391 277 160 080 116 176 154 146 176 132
GoLD10	2	159 157 263 158 183 -9 289 154 074 -9 -9 144 146 180 194
GoLD10	2	162 160 263 160 183 -9 289 156 074 -9 -9 152 146 180 194
GoMo01-H	2	159 157 247 158 183 395 289 154 074 112 -9 162 148 156 192
GoMo01-H	2	162 160 251 160 183 395 289 156 080 112 -9 162 152 178 194
GoMo02	2	159 157 253 158 183 391 286 154 074 108 156 148 158 156 214
GoMo02	2	159 157 267 160 183 395 295 160 080 108 156 148 158 172 214
GoMo03	2	-9 157 249 160 183 399 289 154 074 114 -9 146 144 166 160
GoMo03	2	-9 160 249 160 183 407 310 156 080 114 -9 150 152 176 190
GoMo04	2	159 157 247 158 183 395 277 156 074 114 150 146 146 168 152
GoMo04	2	159 160 255 160 183 395 289 156 080 114 150 148 160 178 152
GoMo05	2	-9 157 -9 158 183 395 289 156 080 112 -9 146 152 188 204
GoMo05	2	-9 160 -9 160 183 395 289 156 080 112 -9 146 152 188 204
GoMo06	2	159 157 253 158 -9 395 289 156 074 112 170 148 146 170 154
GoMo06	2	162 160 283 160 -9 399 289 156 074 112 178 148 146 178 190
GoMo07	2	-9 157 239 158 183 395 295 156 080 112 156 148 144 156 212
GoMo07	2	-9 157 255 160 183 395 295 156 080 112 166 148 148 166 212
GoMo08	2	156 157 237 158 183 395 286 156 074 112 154 142 -9 154 160
GoMo08	2	156 160 253 160 183 399 289 160 074 112 162 142 -9 162 160
GoMo09	2	156 157 221 158 183 -9 -9 156 074 114 176 148 -9 176 -9
GoMo09	2	156 157 221 160 183 -9 -9 162 074 114 176 148 -9 194 -9
GoMo10	2	156 157 251 158 183 391 289 156 -9 -9 176 148 -9 176 222
GoMo10	2	156 157 269 160 183 399 301 162 -9 -9 176 148 -9 180 222
GoTR01-H	3	156 157 231 158 183 395 277 156 074 114 176 144 146 154 -9
GoTR01-H	3	156 157 249 160 183 399 277 158 080 114 176 154 146 154 -9
GoTR02	3	156 157 229 158 183 395 298 156 074 -9 174 -9 146 -9 132
GoTR02	3	156 157 239 160 183 395 298 156 074 -9 174 -9 146 -9 132
GoTR03	3	156 157 249 158 183 399 286 156 074 112 174 154 144 176 154
GoTR03	3	159 160 249 160 183 399 295 156 080 112 176 154 150 176 154
GoTR04	3	132 157 249 158 181 395 283 156 074 112 170 148 146 170 132
GoTR04	3	156 157 249 160 183 399 289 160 074 112 172 152 164 172 182
GoTR05	3	156 157 251 160 183 391 286 154 074 112 170 152 -9 170 182
GoTR05	3	156 157 257 160 183 399 289 156 074 112 174 152 -9 174 182
GoTR06	3	156 157 -9 158 183 391 286 156 074 114 -9 152 144 184 -9
GoTR06	3	159 160 -9 160 183 395 286 156 080 114 -9 152 144 184 -9
GoTR07	3	156 148 247 160 183 391 298 156 074 114 172 148 146 172 132
GoTR07	3	156 157 283 160 183 395 298 160 080 116 178 148 146 178 204
GoTR08	3	156 157 245 160 183 395 289 156 074 114 174 142 156 174 158
GoTR08	3	159 160 253 160 183 395 301 160 074 116 174 148 156 182 158
GoTR09	3	156 157 -9 -9 183 395 283 156 074 110 154 146 -9 154 -9
GoTR09	3	156 157 -9 -9 183 395 289 160 074 110 154 146 -9 154 -9
GoTR10	3	156 157 225 160 183 -9 286 156 074 114 156 154 -9 156 -9
GoTR10	3	156 157 245 160 183 -9 289 156 080 114 156 154 -9 156 -9
