		goo19 goo8 goo29 goo7 goo3 goo4 goo6 goo14 goo9 goo12 goo15 goo10 goo27 goo13 goo18 goo28 goo25
SuPP01-H	1	156 157 156 195 395 -9 184 156 080 138 177 188 144 186 144 138 -9
SuPP01-H	1	162 163 158 199 395 -9 184 160 080 138 185 188 144 186 144 138 -9
SuPP02	1	165 163 156 195 395 214 184 156 080 116 177 184 146 -9 144 138 206
SuPP02	1	171 169 158 195 395 223 184 156 080 116 179 184 146 -9 144 138 206
SuPP03	1	162 163 156 193 379 -9 184 156 080 110 175 184 146 186 154 152 -9
SuPP03	1	162 163 158 199 387 -9 184 156 080 120 177 188 146 186 166 152 -9
SuPP04	1	153 163 158 -9 367 214 184 156 080 142 181 188 138 186 144 144 -9
SuPP04	1	162 163 158 -9 387 214 184 156 080 142 181 200 142 186 148 144 -9
SuPP05	1	165 163 158 195 -9 217 181 156 080 112 177 -9 128 186 144 -9 -9
SuPP05	1	168 166 160 199 -9 217 184 158 082 120 179 -9 128 186 144 -9 -9
SuPP06	1	162 163 156 189 363 208 184 156 080 132 179 188 128 -9 144 132 -9
SuPP06	1	165 166 158 199 363 217 196 158 080 132 183 198 128 -9 144 132 -9
SuPP07	1	156 157 158 183 387 208 -9 156 080 144 181 192 122 202 140 172 -9
SuPP07	1	162 163 158 199 399 283 -9 156 080 172 183 192 128 208 140 172 -9
SuPP08	1	-9 166 158 195 395 289 184 156 088 120 183 194 128 186 148 -9 -9
SuPP08	1	-9 166 158 195 399 301 184 156 088 120 183 194 144 186 148 -9 -9
SuLD02-L	2	153 163 158 199 363 -9 184 156 080 -9 175 198 138 180 150 160 204
SuLD02-L	2	153 163 158 201 363 -9 184 156 080 -9 185 198 144 186 164 178 208
SuLD03	2	-9 157 158 197 -9 208 181 156 080 -9 179 186 -9 180 152 140 188
SuLD03	2	-9 169 158 199 -9 283 184 156 080 -9 183 194 -9 186 152 150 206
SuLD04	2	150 169 158 199 -9 208 184 134 080 114 179 190 140 180 150 190 186
SuLD04	2	150 172 158 199 -9 208 184 156 080 114 183 190 148 186 154 190 208
SuLD05	2	150 163 158 197 365 205 184 134 074 116 181 -9 140 180 144 156 210
SuLD05	2	150 175 158 201 365 205 184 156 080 116 185 -9 144 186 144 156 210
SuLD06	2	150 160 160 195 -9 208 181 154 080 120 181 192 142 186 146 140 208
SuLD06	2	150 166 162 195 -9 214 181 156 080 120 185 192 142 186 146 190 214
SuLD07	2	156 163 158 197 -9 -9 178 154 080 118 179 -9 144 -9 144 -9 208
SuLD07	2	156 166 158 201 -9 -9 178 158 080 120 179 -9 144 -9 144 -9 210
SuLD08	2	-9 163 156 199 399 214 181 154 080 116 183 188 146 186 146 -9 208
SuLD08	2	-9 163 158 203 399 214 181 158 080 116 183 198 146 186 148 -9 210
SuLD09	2	-9 163 158 193 395 -9 181 154 080 116 181 184 146 186 144 138 208
SuLD09	2	-9 169 162 199 395 -9 181 156 080 120 183 184 150 186 146 140 208
SuLD10	2	-9 169 156 193 387 208 184 156 -9 114 177 186 140 204 144 134 208
SuLD10	2	-9 169 158 195 395 214 184 160 -9 114 181 186 146 210 144 134 208
SuRB01-L	3	162 157 156 183 319 211 184 156 080 144 181 198 140 202 146 172 208
SuRB01-L	3	162 163 158 199 363 223 184 158 080 144 183 198 146 206 146 172 208
SuRB02	3	156 157 158 193 363 211 184 134 080 -9 177 186 144 186 144 -9 208
SuRB02	3	168 169 162 199 387 211 184 154 080 -9 181 208 144 186 144 -9 208
SuRB03	3	162 163 156 193 395 208 184 154 080 -9 177 192 144 186 144 158 206
SuRB03	3	168 169 160 199 395 208 184 156 082 -9 185 192 144 186 144 158 206
SuRB04	3	162 163 156 199 383 283 -9 156 080 114 183 -9 148 186 144 132 -9
SuRB04	3	162 163 158 199 395 283 -9 156 080 114 183 -9 148 186 144 134 -9
SuRB05	3	159 160 158 199 363 208 184 156 080 112 175 200 142 186 146 174 208
SuRB05	3	162 163 160 199 371 211 196 160 080 112 183 200 142 186 146 174 208
SuRB06	3	156 157 158 199 387 211 184 156 080 122 181 184 128 186 144 -9 -9
SuRB06	3	162 163 158 201 395 223 184 156 080 122 183 184 128 186 144 -9 -9
SuRB07	3	162 163 156 195 383 214 178 156 080 -9 181 190 140 186 144 176 -9
SuRB07	3	162 163 158 195 391 232 184 156 080 -9 181 196 144 186 146 178 -9
SuRB08	3	162 163 -9 183 311 208 178 156 080 114 177 184 140 186 138 178 -9
SuRB08	3	162 163 -9 199 319 283 184 156 080 114 181 184 150 186 144 180 -9
SuTR01-H	3	162 163 156 199 391 211 -9 154 080 116 179 188 144 -9 -9 -9 -9
SuTR01-H	3	162 163 158 199 399 214 -9 158 080 116 187 198 150 -9 -9 -9 -9
SuTR02	3	156 157 158 195 395 208 184 154 080 138 177 -9 144 186 138 138 -9
SuTR02	3	162 163 158 199 395 211 196 156 080 138 185 -9 144 186 144 138 -9
SuTR03	3	159 157 158 183 395 208 184 156 074 114 185 192 144 186 -9 164 230
SuTR03	3	159 160 158 183 403 220 184 156 074 114 185 192 144 186 -9 178 234
SuTR05	3	156 163 158 193 387 289 -9 152 080 112 179 208 142 186 144 -9 -9
SuTR05	3	156 169 160 199 387 298 -9 158 080 112 179 208 142 186 144 -9 -9
SuTR06	3	162 163 158 193 359 -9 -9 156 080 112 183 184 146 186 146 138 308
SuTR06	3	162 172 158 199 363 -9 -9 156 080 122 183 198 146 186 146 138 308
SuTR07	3	165 163 158 195 395 223 184 156 080 116 177 184 144 -9 144 138 308
SuTR07	3	171 169 158 195 395 223 196 160 080 116 181 184 144 -9 144 138 308
SuTR08	3	-9 157 158 183 387 208 184 160 080 114 177 186 144 186 144 138 308
SuTR08	3	-9 163 158 199 395 211 196 160 080 118 179 188 144 186 144 138 308
SuTR10	3	-9 157 158 183 387 208 -9 -9 080 -9 177 184 144 186 144 138 -9
SuTR10	3	-9 163 162 199 395 211 -9 -9 080 -9 177 186 144 186 144 138 -9
