		P7 P8 P11 P12 P19 P10 P13 P3 P24 P25 P6 P9
BN1_SCL	1	147 130 226 125 138 203 162 203 208 168 -9 139
BN1_SCL	1	152 145 231 125 170 208 178 203 212 176 -9 139
BN10	1	147 140 246 180 142 193 182 168 148 148 121 179
BN10	1	152 145 246 180 142 203 182 178 184 152 166 179
BN2	1	147 140 196 150 134 213 158 173 136 148 136 139
BN2	1	152 155 261 170 138 213 178 203 192 160 136 139
BN3	1	147 170 211 120 138 193 166 173 148 152 126 139
BN3	1	147 180 236 120 138 203 178 178 148 160 126 194
BN4	1	137 155 231 120 150 208 166 143 188 160 181 139
BN4	1	152 165 231 120 158 218 178 168 196 168 181 179
BN5	1	137 140 226 180 138 193 154 178 176 148 116 139
BN5	1	137 150 226 180 154 203 170 198 188 148 131 179
BN6	1	152 160 196 120 138 208 -9 178 160 152 161 -9
BN6	1	152 170 306 130 142 213 -9 188 184 176 161 -9
BN7	1	147 145 186 130 138 203 142 163 168 152 136 139
BN7	1	152 155 196 155 138 213 178 163 188 160 136 139
BN8	1	137 145 241 115 138 188 150 153 188 148 171 139
BN8	1	147 180 271 120 138 198 150 163 188 184 171 204
BN9	1	152 140 -9 190 138 213 158 163 120 148 181 139
BN9	1	152 155 -9 190 138 213 166 168 164 168 181 214
RB1	1	137 140 216 115 142 178 154 158 174 164 121 -9
RB1	1	147 160 241 115 142 203 154 158 174 176 121 -9
RB10	1	152 160 186 -9 150 208 154 163 120 152 126 144
RB10	1	157 170 336 -9 150 213 154 168 196 160 126 189
RB2	1	147 145 216 -9 138 198 138 143 144 148 141 -9
RB2	1	152 155 271 -9 158 213 158 163 144 180 141 -9
RB3	1	147 145 186 125 150 203 146 153 200 156 -9 -9
RB3	1	152 160 186 130 150 208 150 178 208 164 -9 -9
RB4	1	137 155 196 170 134 203 142 143 148 172 186 -9
RB4	1	152 165 196 170 170 213 150 158 176 180 196 -9
RB5	1	152 145 216 120 138 203 154 168 172 148 126 139
RB5	1	172 155 216 180 142 213 158 173 172 168 131 139
RB6	1	152 145 171 -9 138 193 142 163 132 148 126 -9
RB6	1	152 165 196 -9 138 198 190 186 132 168 126 -9
RB7	1	152 145 186 155 134 208 170 168 -9 148 -9 -9
RB7	1	152 155 186 155 134 213 174 198 -9 160 -9 -9
RB8	1	152 150 216 130 130 193 162 163 172 160 136 -9
RB8	1	152 160 341 130 130 208 174 208 172 160 136 -9
RB9	1	147 145 171 120 158 208 146 173 -9 164 121 -9
RB9	1	152 145 236 120 158 213 150 178 -9 164 121 -9
CAA1_SCZ	2	137 160 236 130 130 208 142 163 -9 152 136 139
CAA1_SCZ	2	152 170 297 170 130 208 154 173 -9 152 136 149
CAA10	2	137 160 201 130 150 193 162 163 124 152 -9 -9
CAA10	2	152 165 251 130 150 193 178 163 144 152 -9 -9
CAA2	2	147 150 296 215 -9 213 150 178 148 148 136 144
CAA2	2	152 170 351 215 -9 218 154 178 148 160 141 144
CAA3	2	-9 -9 306 120 130 -9 146 168 -9 152 131 -9
CAA3	2	-9 -9 306 120 134 -9 146 178 -9 184 161 -9
CAA4	2	137 -9 251 130 130 203 154 163 160 168 161 -9
CAA4	2	147 -9 251 140 134 208 158 193 204 180 161 -9
CAA6	2	152 150 196 -9 126 208 138 168 160 148 131 169
CAA6	2	152 170 261 -9 142 213 182 168 160 148 131 169
CAA7	2	147 140 211 120 130 208 202 198 172 152 -9 -9
CAA7	2	147 160 261 140 158 213 202 198 212 160 -9 -9
CAA8	2	137 145 226 190 130 208 154 168 164 152 156 129
CAA8	2	147 160 226 190 130 213 154 173 164 164 156 144
CAA9	2	137 135 191 120 150 208 158 -9 180 156 156 134
CAA9	2	152 160 191 120 162 218 166 -9 205 164 156 194
PP1	2	137 145 211 115 150 213 150 163 168 152 126 139
PP1	2	147 165 246 125 150 218 174 178 168 160 131 149
PP10	2	137 -9 191 120 138 213 130 153 168 148 -9 139
PP10	2	152 -9 261 130 170 218 150 163 168 152 -9 139
PP2	2	142 145 186 120 134 198 150 153 172 152 161 139
PP2	2	147 150 191 130 150 218 178 178 172 164 161 139
PP3	2	152 135 236 135 142 218 142 193 140 140 -9 139
PP3	2	152 170 291 195 154 233 146 198 164 160 -9 139
PP4	2	152 140 221 -9 130 203 162 143 140 152 -9 129
PP4	2	172 165 221 -9 134 213 170 168 200 160 -9 174
PP5	2	152 160 201 120 158 208 134 143 192 160 -9 139
PP5	2	152 165 211 120 158 213 150 168 192 184 -9 189
PP6	2	137 145 155 120 134 198 150 168 188 -9 -9 -9
PP6	2	152 155 155 120 142 208 150 173 188 -9 -9 -9
PP7	2	152 155 181 175 138 203 150 168 128 140 191 139
PP7	2	152 155 231 220 170 213 178 168 148 168 191 139
PP8	2	147 170 186 105 134 208 170 163 220 148 121 139
PP8	2	147 180 186 130 158 213 186 193 220 148 131 269
PP9	2	137 -9 226 250 134 188 158 148 128 152 -9 139
PP9	2	152 -9 261 250 150 213 166 148 140 156 -9 199
LD1_Floreana	3	152 160 186 140 150 193 158 168 160 160 131 139
LD1_Floreana	3	152 185 196 155 178 213 174 173 160 172 131 204
LD10	3	147 145 191 125 158 198 170 178 188 148 -9 139
LD10	3	152 145 191 130 158 203 174 178 188 152 -9 182
LD2	3	152 160 181 115 150 208 138 168 156 148 131 139
LD2	3	152 160 281 130 154 208 170 178 208 168 131 139
LD3	3	147 150 211 140 134 208 146 168 184 156 131 139
LD3	3	147 170 256 180 138 218 182 168 184 168 131 204
LD4	3	147 145 196 125 130 198 162 143 140 152 136 -9
LD4	3	152 165 196 130 142 203 162 183 192 152 136 -9
LD5	3	137 150 236 125 142 198 154 168 164 148 126 139
LD5	3	152 160 246 130 158 213 158 168 184 148 126 179
LD6	3	147 145 276 185 134 198 150 193 140 144 -9 169
LD6	3	152 160 276 185 150 203 170 193 144 148 -9 169
LD7	3	152 160 171 120 154 208 166 158 168 148 126 144
LD7	3	152 160 181 130 154 213 170 208 196 152 126 144
LD8	3	137 145 171 195 138 188 146 156 176 148 126 144
LD8	3	147 170 206 195 142 193 150 283 176 152 126 144
LD9	3	152 140 196 150 130 193 170 168 140 152 136 144
LD9	3	152 155 201 215 154 218 178 198 164 156 136 144
MO1	3	152 145 186 125 170 193 146 163 132 148 -9 139
MO1	3	152 155 196 245 170 198 194 178 156 168 -9 249
MO10	3	152 155 191 190 138 198 150 163 136 148 101 169
MO10	3	152 170 266 190 158 203 150 183 204 152 101 174
MO2	3	152 155 221 -9 130 188 154 148 192 148 136 139
MO2	3	152 165 246 -9 138 213 174 148 192 148 136 139
MO3	3	137 135 155 135 126 198 170 153 198 148 -9 139
MO3	3	147 160 226 135 142 213 170 153 198 156 -9 194
MO4	3	147 155 191 120 146 208 174 168 156 152 -9 179
MO4	3	152 170 191 130 146 213 178 178 184 172 -9 179
MO5	3	137 155 211 140 138 208 146 168 144 172 -9 139
MO5	3	147 160 211 215 138 213 150 203 220 188 -9 139
MO6	3	147 150 196 135 154 203 150 168 180 152 111 139
MO6	3	152 165 252 135 154 213 170 168 180 172 111 139
MO7	3	137 150 186 125 134 198 142 178 172 148 136 134
MO7	3	137 165 256 200 150 208 146 178 172 176 136 149
MO8	3	152 -9 236 130 134 193 146 143 126 148 131 194
MO8	3	152 -9 261 130 162 198 158 193 148 164 136 194
MO9	3	147 160 171 120 138 203 178 168 128 148 131 -9
MO9	3	152 175 196 150 150 208 190 168 128 160 186 -9