Tittle line: Thais
P7
P8
P11
P12
P19
P10
P13
P3
P24
P25
P6
P9
Pop
BN1_SCL ,  147152 130145 226231 125125 138170 203208 162178 203203 208212 168176 000000 139139
BN10 ,  147152 140145 246246 180180 142142 193203 182182 168178 148184 148152 121166 179179
BN2 ,  147152 140155 196261 150170 134138 213213 158178 173203 136192 148160 136136 139139
BN3 ,  147147 170180 211236 120120 138138 193203 166178 173178 148148 152160 126126 139194
BN4 ,  137152 155165 231231 120120 150158 208218 166178 143168 188196 160168 181181 139179
BN5 ,  137137 140150 226226 180180 138154 193203 154170 178198 176188 148148 116131 139179
BN6 ,  152152 160170 196306 120130 138142 208213 000000 178188 160184 152176 161161 000000
BN7 ,  147152 145155 186196 130155 138138 203213 142178 163163 168188 152160 136136 139139
BN8 ,  137147 145180 241271 115120 138138 188198 150150 153163 188188 148184 171171 139204
BN9 ,  152152 140155 000000 190190 138138 213213 158166 163168 120164 148168 181181 139214
RB1 ,  137147 140160 216241 115115 142142 178203 154154 158158 174174 164176 121121 000000
RB10 ,  152157 160170 186336 000000 150150 208213 154154 163168 120196 152160 126126 144189
RB2 ,  147152 145155 216271 000000 138158 198213 138158 143163 144144 148180 141141 000000
RB3 ,  147152 145160 186186 125130 150150 203208 146150 153178 200208 156164 000000 000000
RB4 ,  137152 155165 196196 170170 134170 203213 142150 143158 148176 172180 186196 000000
RB5 ,  152172 145155 216216 120180 138142 203213 154158 168173 172172 148168 126131 139139
RB6 ,  152152 145165 171196 000000 138138 193198 142190 163186 132132 148168 126126 000000
RB7 ,  152152 145155 186186 155155 134134 208213 170174 168198 000000 148160 000000 000000
RB8 ,  152152 150160 216341 130130 130130 193208 162174 163208 172172 160160 136136 000000
RB9 ,  147152 145145 171236 120120 158158 208213 146150 173178 000000 164164 121121 000000
Pop
CAA1_SCZ ,  137152 160170 236297 130170 130130 208208 142154 163173 000000 152152 136136 139149
CAA10 ,  137152 160165 201251 130130 150150 193193 162178 163163 124144 152152 000000 000000
CAA2 ,  147152 150170 296351 215215 000000 213218 150154 178178 148148 148160 136141 144144
CAA3 ,  000000 000000 306306 120120 130134 000000 146146 168178 000000 152184 131161 000000
CAA4 ,  137147 000000 251251 130140 130134 203208 154158 163193 160204 168180 161161 000000
CAA6 ,  152152 150170 196261 000000 126142 208213 138182 168168 160160 148148 131131 169169
CAA7 ,  147147 140160 211261 120140 130158 208213 202202 198198 172212 152160 000000 000000
CAA8 ,  137147 145160 226226 190190 130130 208213 154154 168173 164164 152164 156156 129144
CAA9 ,  137152 135160 191191 120120 150162 208218 158166 000000 180205 156164 156156 134194
PP1 ,  137147 145165 211246 115125 150150 213218 150174 163178 168168 152160 126131 139149
PP10 ,  137152 000000 191261 120130 138170 213218 130150 153163 168168 148152 000000 139139
PP2 ,  142147 145150 186191 120130 134150 198218 150178 153178 172172 152164 161161 139139
PP3 ,  152152 135170 236291 135195 142154 218233 142146 193198 140164 140160 000000 139139
PP4 ,  152172 140165 221221 000000 130134 203213 162170 143168 140200 152160 000000 129174
PP5 ,  152152 160165 201211 120120 158158 208213 134150 143168 192192 160184 000000 139189
PP6 ,  137152 145155 155155 120120 134142 198208 150150 168173 188188 000000 000000 000000
PP7 ,  152152 155155 181231 175220 138170 203213 150178 168168 128148 140168 191191 139139
PP8 ,  147147 170180 186186 105130 134158 208213 170186 163193 220220 148148 121131 139269
PP9 ,  137152 000000 226261 250250 134150 188213 158166 148148 128140 152156 000000 139199
Pop
LD1_Floreana ,  152152 160185 186196 140155 150178 193213 158174 168173 160160 160172 131131 139204
LD10 ,  147152 145145 191191 125130 158158 198203 170174 178178 188188 148152 000000 139182
LD2 ,  152152 160160 181281 115130 150154 208208 138170 168178 156208 148168 131131 139139
LD3 ,  147147 150170 211256 140180 134138 208218 146182 168168 184184 156168 131131 139204
LD4 ,  147152 145165 196196 125130 130142 198203 162162 143183 140192 152152 136136 000000
LD5 ,  137152 150160 236246 125130 142158 198213 154158 168168 164184 148148 126126 139179
LD6 ,  147152 145160 276276 185185 134150 198203 150170 193193 140144 144148 000000 169169
LD7 ,  152152 160160 171181 120130 154154 208213 166170 158208 168196 148152 126126 144144
LD8 ,  137147 145170 171206 195195 138142 188193 146150 156283 176176 148152 126126 144144
LD9 ,  152152 140155 196201 150215 130154 193218 170178 168198 140164 152156 136136 144144
MO1 ,  152152 145155 186196 125245 170170 193198 146194 163178 132156 148168 000000 139249
MO10 ,  152152 155170 191266 190190 138158 198203 150150 163183 136204 148152 101101 169174
MO2 ,  152152 155165 221246 000000 130138 188213 154174 148148 192192 148148 136136 139139
MO3 ,  137147 135160 155226 135135 126142 198213 170170 153153 198198 148156 000000 139194
MO4 ,  147152 155170 191191 120130 146146 208213 174178 168178 156184 152172 000000 179179
MO5 ,  137147 155160 211211 140215 138138 208213 146150 168203 144220 172188 000000 139139
MO6 ,  147152 150165 196252 135135 154154 203213 150170 168168 180180 152172 111111 139139
MO7 ,  137137 150165 186256 125200 134150 198208 142146 178178 172172 148176 136136 134149
MO8 ,  152152 000000 236261 130130 134162 193198 146158 143193 126148 148164 131136 194194
MO9 ,  147152 160175 171196 120150 138150 203208 178190 168168 128128 148160 131186 000000